
Iteration 0------

Kmean0:	5.842000	3.044000	3.716000	1.180000	
Kmean1:	5.822000	3.120000	3.734000	1.220000	
Kmean2:	5.866000	2.998000	3.826000	1.196000	
Iteration 1------

Kmean0:	5.715504	3.055039	3.496899	1.094574	
Kmean1:	6.450000	3.425000	4.900000	1.675000	
Kmean2:	6.670588	2.958824	5.476471	1.876471	
Iteration 2------

Kmean0:	5.260494	3.124691	2.430864	0.623457	
Kmean1:	6.344444	2.955556	5.105556	1.824074	
Kmean2:	7.186667	3.026667	6.080000	2.053333	
Iteration 3------

Kmean0:	5.047458	3.272881	1.776271	0.374576	
Kmean1:	6.237349	2.895181	4.906024	1.700000	
Kmean2:	7.625000	3.087500	6.475000	2.075000	
Iteration 4------

Kmean0:	5.005660	3.360377	1.562264	0.288679	
Kmean1:	6.158621	2.856322	4.794253	1.650575	
Kmean2:	7.540000	3.150000	6.390000	2.090000	
Iteration 5------

Kmean0:	5.005769	3.380769	1.528846	0.275000	
Kmean1:	6.107143	2.846429	4.726190	1.628571	
Kmean2:	7.371429	3.085714	6.235714	2.050000	
Iteration 6------

Kmean0:	5.005769	3.380769	1.528846	0.275000	
Kmean1:	6.102410	2.844578	4.713253	1.621687	
Kmean2:	7.313333	3.080000	6.206667	2.060000	
Iteration 7------

Kmean0:	5.007843	3.400000	1.494118	0.260784	
Kmean1:	6.088095	2.839286	4.696429	1.614286	
Kmean2:	7.313333	3.080000	6.206667	2.060000	
Iteration 8------

Kmean0:	5.007843	3.400000	1.494118	0.260784	
Kmean1:	6.062963	2.823457	4.659259	1.588889	
Kmean2:	7.222222	3.111111	6.122222	2.100000	
Iteration 9------

Kmean0:	5.007843	3.400000	1.494118	0.260784	
Kmean1:	6.060000	2.817500	4.642500	1.577500	
Kmean2:	7.173684	3.121053	6.115789	2.121053	
Iteration 10------

Kmean0:	5.007843	3.400000	1.494118	0.260784	
Kmean1:	6.060000	2.817500	4.642500	1.577500	
Kmean2:	7.173684	3.121053	6.115789	2.121053	
Iteration 11------

Kmean0:	5.007843	3.400000	1.494118	0.260784	
Kmean1:	6.060000	2.817500	4.642500	1.577500	
Kmean2:	7.173684	3.121053	6.115789	2.121053	